12 1088 0
12 1120 0
12 1152 0
12 1184 0
12 1216 0
12 1248 0
10 1280 0
12 1088 32
12 1120 32
12 1152 32
12 1184 32
12 1280 32
10 1312 32
10 1344 32
10 3776 32
7 256 64
10 480 64
10 512 64
10 544 64
12 1088 64
12 1120 64
12 3776 64
10 3808 64
12 1088 96
12 1120 96
10 1696 96
10 3168 96
10 3584 96
12 3776 96
12 3808 96
10 0 128
10 32 128
10 256 128
10 288 128
10 672 128
12 1088 128
12 1216 128
10 1248 128
10 1280 128
10 1536 128
10 1824 128
10 1856 128
10 2592 128
10 3424 128
8 3712 128
12 3776 128
12 3808 128
12 0 160
12 32 160
10 896 160
10 1056 160
12 1088 160
12 1184 160
12 1216 160
12 1248 160
12 1280 160
10 3040 160
10 3328 160
10 3680 160
10 3712 160
12 3776 160
12 3808 160
12 0 192
12 32 192
12 896 192
12 1056 192
12 1248 192
12 1280 192
10 2016 192
10 2048 192
10 2304 192
10 2400 192
10 2432 192
10 2464 192
10 2496 192
10 2720 192
12 3776 192
12 3808 192
12 0 224
10 384 224
10 416 224
10 576 224
10 608 224
12 896 224
10 928 224
12 1056 224
12 1248 224
12 1280 224
10 1440 224
10 2848 224
12 3776 224
12 3808 224
12 0 256
12 896 256
12 928 256
12 1056 256
12 1248 256
12 1280 256
10 2208 256
10 2976 256
12 3776 256
12 3808 256
12 0 288
12 928 288
10 960 288
12 1056 288
12 1088 288
12 1120 288
12 1152 288
12 1280 288
10 1312 288
10 3200 288
12 3776 288
12 3808 288
12 0 320
10 32 320
12 64 320
10 96 320
10 128 320
10 480 320
10 512 320
12 928 320
12 960 320
12 1056 320
12 1088 320
12 1120 320
12 1152 320
12 1184 320
12 1312 320
10 1344 320
10 3296 320
11 3716 241
12 3776 320
12 3808 320
12 0 352
12 32 352
12 64 352
12 96 352
12 128 352
10 160 352
10 192 352
12 224 352
10 256 352
12 288 352
12 928 352
12 960 352
12 1056 352
12 1184 352
12 1312 352
12 1344 352
10 3584 352
10 3616 352
12 3648 352
10 3680 352
10 3712 352
12 3744 352
12 3776 352
12 3808 352
12 0 384
12 32 384
12 64 384
12 96 384
12 128 384
12 160 384
12 192 384
12 224 384
12 256 384
12 288 384
12 320 384
12 352 384
12 928 384
12 960 384
10 992 384
9 1120 384
12 1312 384
12 1344 384
10 2400 384
10 2432 384
10 2464 384
10 2496 384
12 2528 384
10 2560 384
12 2592 384
12 2624 384
12 2656 384
10 2688 384
12 2720 384
10 2752 384
10 3136 384
10 3520 384
10 3552 384
12 3584 384
12 3616 384
12 3648 384
12 3680 384
12 3712 384
12 3744 384
12 3776 384
12 3808 384
12 0 416
12 32 416
12 64 416
12 96 416
12 128 416
12 160 416
12 192 416
12 224 416
12 256 416
12 288 416
12 320 416
12 352 416
12 384 416
12 416 416
12 448 416
12 480 416
12 512 416
12 544 416
12 576 416
12 608 416
12 640 416
12 672 416
12 704 416
12 736 416
12 768 416
12 928 416
12 960 416
12 992 416
12 1248 416
12 1280 416
12 1312 416
12 1344 416
12 1376 416
10 1408 416
12 1440 416
10 1472 416
12 1504 416
10 1536 416
10 1568 416
10 1600 416
10 1632 416
12 1664 416
10 2336 416
10 2368 416
12 2400 416
12 2432 416
12 2464 416
12 2496 416
12 2528 416
12 2560 416
12 2592 416
12 2624 416
12 2656 416
12 2688 416
12 2720 416
12 2752 416
10 2784 416
10 2816 416
10 3488 416
12 3520 416
12 3552 416
12 3584 416
12 3616 416
12 3648 416
12 3680 416
12 3712 416
12 3744 416
12 3776 416
12 3808 416
12 0 448
12 32 448
12 64 448
12 96 448
12 128 448
12 160 448
12 192 448
12 224 448
12 256 448
12 288 448
12 320 448
12 352 448
12 384 448
12 416 448
12 448 448
12 480 448
12 512 448
12 544 448
12 576 448
12 608 448
12 640 448
12 672 448
12 704 448
12 736 448
12 768 448
12 928 448
12 960 448
12 992 448
12 1024 448
12 1056 448
12 1088 448
12 1152 448
12 1184 448
12 1216 448
12 1248 448
12 1280 448
12 1312 448
12 1344 448
12 1376 448
12 1408 448
12 1440 448
12 1472 448
12 1504 448
12 1536 448
12 1568 448
12 1600 448
12 1632 448
12 1664 448
12 1696 448
12 1728 448
12 1760 448
10 1792 448
10 1824 448
12 1856 448
12 1888 448
10 1920 448
10 1952 448
10 1984 448
10 2016 448
10 2048 448
10 2080 448
12 2112 448
12 2144 448
10 2176 448
10 2208 448
10 2240 448
10 2272 448
12 2304 448
12 2336 448
12 2368 448
12 2400 448
12 2432 448
12 2464 448
12 2496 448
12 2528 448
12 2560 448
12 2592 448
12 2624 448
12 2656 448
12 2688 448
12 2720 448
12 2752 448
12 2784 448
12 2816 448
10 2848 448
10 2880 448
12 2912 448
10 2944 448
12 2976 448
10 3008 448
12 3488 448
12 3520 448
12 3552 448
12 3584 448
12 3616 448
12 3648 448
12 3680 448
12 3712 448
12 3744 448
12 3776 448
12 3808 448
