10 1536 128
10 1568 128
10 1600 128
7 896 160
12 1536 160
12 1568 160
12 1600 160
10 640 192
10 1376 192
10 1408 192
10 1440 192
10 1472 192
12 1536 192
12 1568 192
12 1600 192
10 1696 192
10 1728 192
10 1760 192
10 1792 192
10 1824 192
7 320 224
12 640 224
12 1376 224
12 1408 224
12 1440 224
12 1472 224
12 1536 224
12 1568 224
12 1696 224
12 1728 224
12 1760 224
12 1792 224
12 1824 224
10 544 256
12 640 256
10 896 256
12 1376 256
12 1408 256
12 1440 256
12 1472 256
12 1504 256
12 1536 256
12 1696 256
12 1728 256
12 1760 256
12 1792 256
12 1824 256
10 416 288
12 544 288
12 640 288
12 896 288
10 1184 288
10 1216 288
10 1248 288
10 1280 288
12 1376 288
12 1408 288
12 1440 288
12 1472 288
12 1696 288
12 1728 288
12 1760 288
12 1792 288
12 1824 288
10 288 320
10 320 320
12 416 320
12 544 320
12 640 320
12 896 320
12 1184 320
12 1216 320
12 1248 320
12 1280 320
10 1632 320
12 1696 320
12 1728 320
12 1760 320
12 1792 320
12 1824 320
11 2340 241
10 256 352
12 288 352
12 320 352
12 416 352
12 544 352
12 640 352
10 864 352
12 896 352
10 1088 352
12 1184 352
12 1216 352
12 1248 352
12 1280 352
9 1408 352
10 1600 352
12 1632 352
12 1696 352
12 1728 352
12 1760 352
12 1792 352
12 1824 352
10 2272 352
10 2304 352
10 2336 352
10 224 384
12 256 384
12 288 384
12 320 384
12 416 384
12 544 384
12 640 384
10 704 384
12 864 384
12 896 384
12 1088 384
12 1184 384
12 1216 384
12 1248 384
12 1280 384
10 1568 384
12 1600 384
12 1632 384
12 1696 384
12 1728 384
12 1760 384
12 1792 384
12 1824 384
10 1888 384
10 2080 384
12 2272 384
12 2304 384
12 2336 384
10 0 416
10 32 416
10 64 416
10 96 416
10 128 416
10 160 416
10 192 416
12 224 416
12 256 416
12 288 416
12 320 416
12 416 416
12 544 416
12 640 416
12 704 416
10 800 416
12 864 416
12 896 416
10 992 416
12 1088 416
12 1184 416
12 1216 416
12 1248 416
12 1280 416
12 1376 416
12 1408 416
12 1440 416
12 1472 416
10 1536 416
12 1568 416
12 1600 416
12 1632 416
12 1696 416
12 1728 416
12 1760 416
12 1792 416
12 1824 416
12 1888 416
10 1984 416
12 2080 416
10 2176 416
12 2272 416
12 2304 416
12 2336 416
12 0 448
12 32 448
12 64 448
12 96 448
12 128 448
12 160 448
12 192 448
12 224 448
12 256 448
12 288 448
12 320 448
12 416 448
12 544 448
12 640 448
12 704 448
12 800 448
12 864 448
12 896 448
12 992 448
12 1088 448
12 1184 448
12 1216 448
12 1248 448
12 1280 448
12 1376 448
12 1408 448
12 1440 448
12 1472 448
12 1536 448
12 1568 448
12 1600 448
12 1632 448
12 1696 448
12 1728 448
12 1760 448
12 1792 448
12 1824 448
12 1888 448
12 1984 448
12 2080 448
12 2176 448
12 2272 448
12 2304 448
12 2336 448
