12 32 0
12 2528 0
12 32 32
12 128 32
12 160 32
12 2528 32
12 32 64
12 128 64
12 160 64
7 1184 64
12 2528 64
12 32 96
12 128 96
12 160 96
11 228 17
12 2528 96
12 32 128
12 128 128
12 160 128
12 192 128
12 224 128
12 256 128
12 288 128
12 320 128
12 352 128
12 384 128
12 416 128
12 448 128
12 480 128
12 512 128
12 544 128
12 576 128
12 608 128
10 640 128
10 704 128
10 800 128
12 896 128
10 992 128
12 1088 128
10 1184 128
10 1216 128
10 1248 128
10 1280 128
10 1312 128
10 1344 128
10 1376 128
10 1408 128
12 1504 128
12 1536 128
12 1568 128
12 1600 128
12 1632 128
12 2528 128
12 32 160
12 160 160
12 640 160
12 1696 160
12 1728 160
12 1760 160
12 1792 160
12 1824 160
12 1856 160
12 1888 160
12 1920 160
10 1984 160
10 2016 160
10 2048 160
10 2208 160
10 2368 160
10 2496 160
12 2528 160
12 32 192
12 160 192
8 224 192
12 640 192
10 2464 192
12 2496 192
12 2528 192
12 32 224
12 160 224
12 2528 224
12 32 256
12 160 256
12 192 256
12 224 256
12 256 256
12 288 256
12 320 256
12 352 256
12 384 256
12 416 256
12 448 256
12 480 256
12 512 256
12 544 256
9 1088 256
10 2368 256
10 2400 256
12 2528 256
12 32 288
12 2400 288
12 2528 288
12 32 320
12 2400 320
10 2432 320
12 2528 320
12 32 352
10 64 352
10 96 352
10 128 352
10 192 352
10 256 352
12 320 352
10 384 352
12 448 352
10 512 352
12 576 352
10 1056 352
12 1088 352
12 2528 352
12 32 384
12 64 384
12 96 384
12 128 384
12 576 384
10 608 384
10 640 384
10 672 384
10 1024 384
12 1056 384
12 1088 384
10 2496 384
12 2528 384
12 32 416
12 64 416
12 96 416
12 128 416
12 576 416
12 608 416
12 640 416
12 672 416
10 704 416
10 736 416
10 768 416
12 800 416
12 832 416
12 864 416
12 896 416
12 928 416
12 960 416
12 992 416
12 1024 416
12 1056 416
12 1088 416
10 1120 416
10 1152 416
10 1184 416
10 1216 416
10 1248 416
10 1280 416
10 1312 416
10 1344 416
10 1376 416
10 1408 416
10 1440 416
12 1472 416
10 1504 416
10 1536 416
10 1568 416
10 1600 416
12 1760 416
12 1792 416
12 1824 416
10 1952 416
10 1984 416
10 2144 416
10 2304 416
10 2336 416
10 2368 416
10 2400 416
10 2432 416
10 2464 416
12 2496 416
12 2528 416
12 32 448
12 64 448
12 96 448
12 128 448
12 576 448
12 608 448
12 640 448
12 672 448
12 704 448
12 736 448
12 768 448
12 800 448
12 832 448
12 864 448
12 896 448
12 928 448
12 960 448
12 992 448
12 1024 448
12 1056 448
12 1088 448
12 1120 448
12 1152 448
12 1184 448
12 1216 448
12 1248 448
12 1280 448
12 1312 448
12 1344 448
12 1376 448
12 1408 448
12 1440 448
12 1472 448
12 1504 448
12 1536 448
12 1568 448
12 1600 448
12 1760 448
12 1792 448
12 1824 448
12 1952 448
12 1984 448
12 2144 448
12 2304 448
12 2336 448
12 2368 448
12 2400 448
12 2432 448
12 2464 448
12 2496 448
12 2528 448
