10 3776 64
10 3808 64
10 1888 96
12 1920 96
10 1952 96
12 1984 96
10 2016 96
10 2048 96
12 2080 96
12 2112 96
12 2144 96
10 2176 96
12 2208 96
10 2240 96
10 2272 96
10 2304 96
12 2336 96
10 2368 96
12 3776 96
12 3808 96
10 0 128
10 32 128
12 2336 128
12 2368 128
10 2400 128
12 3776 128
12 3808 128
12 0 160
12 32 160
10 1728 160
10 1760 160
12 2336 160
12 2368 160
12 2400 160
10 2432 160
12 3776 160
12 3808 160
12 0 192
12 32 192
10 1376 192
12 1408 192
12 2400 192
12 2432 192
12 2464 192
12 3776 192
12 3808 192
12 0 224
10 1312 224
12 1344 224
12 1376 224
12 1408 224
12 2400 224
12 2432 224
12 2464 224
10 2496 224
7 2848 224
12 3776 224
12 3808 224
12 0 256
10 1248 256
10 1280 256
12 1312 256
12 1344 256
12 1376 256
12 1408 256
10 1824 256
12 1856 256
12 1888 256
10 1984 256
10 2016 256
10 2144 256
12 2176 256
10 2208 256
10 2240 256
12 2400 256
12 2432 256
12 2464 256
12 2496 256
10 2528 256
10 2560 256
12 2592 256
10 2624 256
10 2752 256
10 2784 256
12 2816 256
12 2848 256
10 2880 256
10 2912 256
12 2944 256
10 2976 256
10 3008 256
12 3040 256
12 3776 256
12 3808 256
12 0 288
9 352 288
12 1184 288
10 1216 288
12 1248 288
12 1280 288
12 1312 288
12 1344 288
12 1376 288
12 1408 288
12 2432 288
12 2464 288
12 2496 288
12 2528 288
12 2560 288
12 2592 288
12 2624 288
12 2752 288
12 2784 288
12 2816 288
12 2848 288
12 2880 288
12 2912 288
12 2944 288
12 2976 288
12 3008 288
11 3716 209
12 3776 288
12 3808 288
12 0 320
10 32 320
12 64 320
10 96 320
10 128 320
10 1120 320
12 1152 320
12 1184 320
12 1216 320
12 1248 320
12 1280 320
12 1312 320
12 1344 320
12 1376 320
12 2432 320
12 2464 320
12 2496 320
12 2528 320
12 2560 320
12 2592 320
12 2624 320
12 2752 320
12 2784 320
12 2816 320
12 2848 320
12 2880 320
12 2912 320
12 2944 320
12 2976 320
10 3424 320
10 3456 320
10 3488 320
12 3520 320
10 3552 320
12 3584 320
10 3616 320
12 3648 320
10 3680 320
10 3712 320
12 3744 320
12 3776 320
12 3808 320
12 0 352
12 32 352
12 64 352
12 96 352
12 128 352
10 160 352
10 192 352
12 224 352
10 256 352
12 288 352
10 320 352
12 352 352
12 384 352
10 416 352
12 448 352
10 480 352
10 512 352
10 544 352
12 576 352
12 608 352
10 640 352
12 672 352
10 704 352
10 736 352
10 768 352
12 896 352
10 928 352
12 960 352
10 992 352
10 1024 352
12 1056 352
10 1088 352
12 1120 352
12 1152 352
12 1184 352
12 1216 352
12 1248 352
12 1280 352
12 1312 352
12 1344 352
12 1376 352
10 2336 352
10 2368 352
12 2400 352
12 2432 352
12 2464 352
12 2496 352
12 2528 352
12 2560 352
12 2592 352
12 2624 352
12 2752 352
12 2784 352
12 2816 352
12 2848 352
12 2880 352
12 2912 352
12 2944 352
12 2976 352
12 3424 352
12 3456 352
12 3488 352
12 3520 352
12 3552 352
12 3584 352
12 3616 352
12 3648 352
12 3680 352
12 3712 352
12 3744 352
12 3776 352
12 3808 352
12 0 384
12 32 384
12 64 384
12 96 384
12 128 384
12 160 384
12 192 384
12 224 384
12 256 384
12 288 384
12 320 384
12 352 384
12 384 384
12 416 384
12 448 384
12 480 384
12 512 384
12 544 384
12 576 384
12 608 384
12 640 384
12 672 384
12 704 384
12 736 384
12 768 384
12 896 384
12 928 384
12 960 384
12 992 384
12 1024 384
12 1056 384
12 1088 384
12 1120 384
12 1152 384
12 1184 384
12 1216 384
12 1248 384
12 1280 384
12 1312 384
12 1344 384
12 1376 384
12 2336 384
12 2368 384
12 2400 384
12 2432 384
12 2464 384
12 2496 384
12 2528 384
12 2560 384
12 2592 384
12 2624 384
12 2752 384
12 2784 384
12 2816 384
12 2848 384
12 2880 384
12 2912 384
12 2944 384
12 3424 384
12 3456 384
12 3488 384
12 3520 384
12 3552 384
12 3584 384
12 3616 384
12 3648 384
12 3680 384
12 3712 384
12 3744 384
12 3776 384
12 3808 384
12 0 416
12 32 416
12 64 416
12 96 416
12 128 416
12 160 416
12 192 416
12 224 416
12 256 416
12 288 416
12 320 416
12 352 416
12 384 416
12 416 416
12 448 416
12 480 416
12 512 416
12 544 416
12 576 416
12 608 416
12 640 416
12 672 416
12 704 416
12 736 416
12 768 416
12 896 416
12 928 416
12 960 416
12 992 416
12 1024 416
12 1056 416
12 1088 416
12 1120 416
12 1152 416
12 1184 416
12 1216 416
12 1248 416
12 1280 416
12 1312 416
12 1344 416
12 1376 416
10 1408 416
12 1440 416
10 1472 416
12 1504 416
10 1536 416
10 1568 416
10 1600 416
10 1632 416
12 1664 416
12 2336 416
12 2368 416
12 2400 416
12 2432 416
12 2464 416
12 2496 416
12 2528 416
12 2560 416
12 2592 416
12 2624 416
12 2752 416
12 2784 416
12 2816 416
12 2848 416
12 2880 416
12 2912 416
12 2944 416
12 3456 416
12 3488 416
12 3520 416
12 3552 416
12 3584 416
12 3616 416
12 3648 416
12 3680 416
12 3712 416
12 3744 416
12 3776 416
12 3808 416
12 0 448
12 32 448
12 64 448
12 96 448
12 128 448
12 160 448
12 192 448
12 224 448
12 256 448
12 288 448
12 320 448
12 352 448
12 384 448
12 416 448
12 448 448
12 480 448
12 512 448
12 544 448
12 576 448
12 608 448
12 640 448
12 672 448
12 704 448
12 736 448
12 768 448
12 896 448
12 928 448
12 960 448
12 992 448
12 1024 448
12 1056 448
12 1088 448
12 1120 448
12 1152 448
12 1184 448
12 1216 448
12 1248 448
12 1280 448
12 1312 448
12 1344 448
12 1376 448
12 1408 448
12 1440 448
12 1472 448
12 1504 448
12 1536 448
12 1568 448
12 1600 448
12 1632 448
12 1664 448
12 1696 448
12 1728 448
12 1760 448
10 1792 448
10 1824 448
12 1856 448
12 1888 448
10 1920 448
10 1952 448
10 1984 448
10 2016 448
10 2048 448
10 2080 448
12 2112 448
12 2144 448
10 2176 448
10 2208 448
10 2240 448
10 2272 448
12 2304 448
12 2336 448
12 2368 448
12 2400 448
12 2432 448
12 2464 448
12 2496 448
12 2528 448
12 2560 448
12 2592 448
12 2624 448
12 2752 448
12 2784 448
12 2816 448
12 2848 448
12 2880 448
12 2912 448
12 2944 448
12 2976 448
12 3488 448
12 3520 448
12 3552 448
12 3584 448
12 3616 448
12 3648 448
12 3680 448
12 3712 448
12 3744 448
12 3776 448
12 3808 448
