10 0 0
12 1120 0
12 1152 0
12 1184 0
12 3776 0
12 3808 0
12 0 32
12 1120 32
12 1152 32
12 1184 32
12 3776 32
12 3808 32
12 0 64
9 928 64
12 1152 64
12 1184 64
10 3456 64
10 3488 64
11 3524 -15
12 3776 64
12 3808 64
12 0 96
12 3520 96
12 3776 96
12 3808 96
12 0 128
7 2656 128
12 3776 128
12 3808 128
12 0 160
10 32 160
10 64 160
10 96 160
10 128 160
10 1728 160
10 1760 160
12 3680 160
12 3712 160
12 3744 160
12 3776 160
12 3808 160
12 0 192
12 32 192
12 64 192
12 96 192
10 768 192
10 800 192
10 832 192
10 960 192
10 992 192
10 1024 192
10 1056 192
10 1248 192
10 1280 192
10 1312 192
10 1344 192
12 3776 192
12 3808 192
12 0 224
12 768 224
12 800 224
12 832 224
12 1024 224
12 1056 224
12 1216 224
12 1248 224
12 1280 224
12 1312 224
10 1504 224
10 1536 224
10 1568 224
10 1600 224
10 1632 224
12 3776 224
12 3808 224
12 0 256
10 320 256
10 352 256
10 416 256
10 448 256
10 704 256
10 736 256
12 768 256
12 800 256
10 1472 256
12 1504 256
12 1536 256
12 1568 256
10 1824 256
12 1856 256
12 1888 256
10 1984 256
10 2016 256
10 2144 256
12 2176 256
10 2208 256
10 2240 256
10 2368 256
10 2400 256
12 2432 256
12 2464 256
12 2496 256
10 2528 256
10 2560 256
10 2752 256
10 2784 256
12 2816 256
12 2848 256
10 2880 256
10 2912 256
12 2944 256
10 2976 256
10 3008 256
12 3040 256
10 3552 256
10 3584 256
12 3776 256
12 3808 256
12 0 288
8 32 288
12 320 288
12 448 288
10 480 288
10 512 288
12 736 288
12 1536 288
12 1568 288
12 2400 288
12 2432 288
12 2464 288
12 2496 288
12 2528 288
12 2560 288
12 2752 288
12 2784 288
12 2816 288
12 2848 288
12 2880 288
12 2912 288
12 2944 288
12 2976 288
12 3008 288
12 3552 288
12 3584 288
12 3776 288
12 3808 288
12 0 320
10 288 320
12 320 320
12 448 320
12 480 320
12 512 320
12 544 320
10 576 320
10 608 320
12 1536 320
12 1568 320
12 2432 320
12 2464 320
12 2496 320
12 2528 320
12 2560 320
12 2752 320
12 2784 320
12 2816 320
12 2848 320
12 2880 320
12 2912 320
12 2944 320
12 2976 320
10 3424 320
10 3456 320
10 3488 320
12 3520 320
12 3552 320
12 3584 320
10 3616 320
12 3648 320
10 3680 320
10 3712 320
12 3744 320
12 3776 320
12 3808 320
12 0 352
12 288 352
12 320 352
12 480 352
12 512 352
12 544 352
12 576 352
12 608 352
12 992 352
12 1024 352
12 1056 352
10 1088 352
10 1120 352
10 1152 352
10 1184 352
12 1216 352
12 1248 352
12 1280 352
12 1312 352
12 1344 352
12 1376 352
12 1408 352
12 1536 352
12 1568 352
12 2752 352
12 2784 352
12 2816 352
12 2848 352
12 2880 352
12 2912 352
12 2944 352
12 2976 352
12 3424 352
12 3456 352
12 3488 352
12 3520 352
12 3552 352
12 3584 352
12 3616 352
12 3648 352
12 3680 352
12 3712 352
12 3744 352
12 3776 352
12 3808 352
12 0 384
12 32 384
12 64 384
12 96 384
12 128 384
12 160 384
12 192 384
12 224 384
12 256 384
12 288 384
12 512 384
12 544 384
12 576 384
12 608 384
12 640 384
12 960 384
12 992 384
12 1024 384
12 1056 384
12 1088 384
12 1120 384
12 1152 384
12 1184 384
12 1216 384
12 1248 384
12 1280 384
12 1312 384
12 1344 384
12 1376 384
12 1408 384
12 2752 384
12 2784 384
12 2816 384
12 2848 384
12 2880 384
12 2912 384
12 2944 384
12 3424 384
12 3456 384
12 3488 384
12 3520 384
12 3552 384
12 3584 384
12 3616 384
12 3648 384
12 3680 384
12 3712 384
12 3744 384
12 3776 384
12 3808 384
12 0 416
12 32 416
12 64 416
12 96 416
12 128 416
12 160 416
12 192 416
12 224 416
12 256 416
12 288 416
12 544 416
12 576 416
12 608 416
12 640 416
10 672 416
10 704 416
10 736 416
12 896 416
12 928 416
12 960 416
12 992 416
12 1024 416
12 1056 416
12 1088 416
12 1120 416
12 1152 416
12 1184 416
12 1216 416
12 1248 416
12 1280 416
12 1312 416
12 1344 416
12 1376 416
12 1408 416
12 1440 416
10 1664 416
10 1696 416
10 1824 416
10 1856 416
12 2752 416
12 2784 416
12 2816 416
12 2848 416
12 2880 416
12 2912 416
12 2944 416
12 3456 416
12 3488 416
12 3520 416
12 3552 416
12 3584 416
12 3616 416
12 3648 416
12 3680 416
12 3712 416
12 3744 416
12 3776 416
12 3808 416
12 0 448
12 32 448
12 64 448
12 96 448
12 128 448
12 160 448
12 192 448
12 224 448
12 256 448
12 544 448
12 576 448
12 608 448
12 640 448
12 672 448
12 704 448
12 736 448
10 768 448
10 864 448
12 896 448
12 928 448
12 960 448
12 992 448
12 1024 448
12 1056 448
12 1088 448
12 1120 448
12 1152 448
12 1184 448
12 1216 448
12 1248 448
12 1280 448
12 1312 448
12 1344 448
12 1376 448
12 1408 448
12 1440 448
12 1472 448
10 1504 448
12 1536 448
10 1568 448
12 1600 448
12 1632 448
12 1664 448
12 1696 448
12 1728 448
12 1760 448
12 1792 448
12 1824 448
12 1856 448
12 1888 448
12 1920 448
12 1952 448
10 1984 448
10 2016 448
10 2048 448
12 2752 448
12 2784 448
12 2816 448
12 2848 448
12 2880 448
12 2912 448
12 2944 448
12 2976 448
12 3488 448
12 3520 448
12 3552 448
12 3584 448
12 3616 448
12 3648 448
12 3680 448
12 3712 448
12 3744 448
12 3776 448
12 3808 448
