12 2112 0
12 2144 0
12 2176 0
12 2208 0
12 2240 0
12 2272 0
12 2304 0
12 2336 0
12 2368 0
12 2400 0
12 2432 0
12 2464 0
12 2496 0
12 2528 0
12 2112 32
12 2144 32
12 2176 32
9 1568 96
9 3040 96
10 0 128
12 0 160
10 2400 160
10 2432 160
10 2464 160
10 2496 160
10 2528 160
10 2720 160
10 2752 160
12 0 192
10 1312 192
10 1344 192
10 1376 192
10 1408 192
10 1536 192
10 1568 192
10 1600 192
10 1728 192
10 1760 192
10 1792 192
10 1952 192
10 1984 192
10 2336 192
10 2368 192
12 2400 192
12 2432 192
12 2464 192
12 2496 192
12 2528 192
12 2720 192
12 2752 192
10 2912 192
10 2944 192
10 2976 192
10 3008 192
10 3040 192
10 3072 192
10 3104 192
10 3136 192
10 3168 192
10 3200 192
10 3296 192
10 3328 192
12 0 224
12 1312 224
12 1344 224
12 1376 224
12 1408 224
12 1536 224
12 1568 224
12 1600 224
12 1728 224
12 1760 224
12 1792 224
10 1920 224
12 1952 224
12 1984 224
10 2112 224
10 2144 224
10 2176 224
12 2496 224
12 2528 224
10 2688 224
12 2720 224
12 2752 224
12 2880 224
12 2912 224
12 2944 224
12 2976 224
12 3008 224
12 3040 224
12 3072 224
12 3104 224
12 3136 224
12 3168 224
12 3200 224
12 3296 224
12 3328 224
12 0 256
10 544 256
12 576 256
10 608 256
12 1312 256
12 1344 256
12 1376 256
12 1408 256
12 1536 256
12 1568 256
12 1600 256
12 1728 256
12 1760 256
12 1792 256
12 2496 256
12 2528 256
12 2720 256
12 2752 256
10 3424 256
11 3780 177
12 0 288
10 1248 288
10 1280 288
12 1312 288
12 1344 288
12 1376 288
12 1408 288
12 1760 288
12 1792 288
12 2496 288
12 2528 288
12 2720 288
12 2752 288
12 3424 288
10 3712 288
10 3744 288
10 3776 288
12 3808 288
12 0 320
10 224 320
10 384 320
10 1216 320
12 1248 320
12 1760 320
12 1792 320
10 1824 320
12 2496 320
12 2528 320
10 2560 320
12 2720 320
12 2752 320
10 2784 320
12 3424 320
12 3712 320
12 3744 320
12 3776 320
12 3808 320
12 0 352
12 224 352
12 384 352
8 576 352
8 1568 352
12 2496 352
12 2528 352
12 2720 352
12 2752 352
12 3424 352
10 3520 352
10 3552 352
10 3584 352
12 3712 352
12 3744 352
12 3776 352
12 3808 352
12 0 384
10 192 384
12 224 384
12 384 384
10 416 384
10 736 384
10 768 384
10 800 384
10 832 384
10 864 384
10 896 384
10 928 384
10 960 384
7 1952 384
10 2112 384
12 2496 384
12 2528 384
12 2720 384
12 2752 384
12 3392 384
12 3424 384
12 3520 384
12 3552 384
12 3584 384
12 3712 384
12 3744 384
12 3776 384
12 3808 384
12 0 416
10 32 416
10 64 416
10 96 416
10 128 416
10 160 416
12 192 416
12 224 416
10 256 416
10 288 416
10 320 416
10 352 416
12 384 416
12 416 416
10 448 416
10 480 416
10 512 416
10 544 416
10 576 416
10 608 416
10 640 416
10 672 416
10 704 416
12 736 416
12 768 416
12 800 416
12 832 416
12 864 416
12 896 416
12 928 416
12 960 416
10 992 416
10 1024 416
10 1056 416
12 1088 416
10 1120 416
10 1152 416
10 1536 416
10 1568 416
10 1600 416
12 2112 416
10 2144 416
10 2176 416
12 2496 416
12 2528 416
12 2720 416
12 2752 416
12 3712 416
12 3744 416
12 3776 416
12 3808 416
12 0 448
12 32 448
12 64 448
12 96 448
12 128 448
12 160 448
12 192 448
12 224 448
12 256 448
12 288 448
12 320 448
12 352 448
12 384 448
12 416 448
12 448 448
12 480 448
12 512 448
12 544 448
12 576 448
12 608 448
12 640 448
12 672 448
12 704 448
12 736 448
12 768 448
12 800 448
12 832 448
12 864 448
12 896 448
12 928 448
12 960 448
12 992 448
12 1024 448
12 1056 448
12 1088 448
12 1120 448
12 1152 448
10 1184 448
10 1216 448
10 1248 448
10 1280 448
10 1312 448
10 1344 448
10 1376 448
10 1408 448
10 1440 448
10 1472 448
10 1504 448
12 1536 448
12 1568 448
12 1600 448
10 1632 448
10 1664 448
10 1696 448
10 1728 448
10 1760 448
10 1792 448
10 1824 448
12 1952 448
12 1984 448
12 2112 448
12 2144 448
12 2176 448
12 2208 448
12 2240 448
12 2272 448
12 2304 448
12 2400 448
12 2432 448
12 2464 448
12 2496 448
12 2528 448
10 2688 448
12 2720 448
12 2752 448
12 2784 448
12 2816 448
12 2848 448
12 2880 448
12 2912 448
12 2944 448
12 2976 448
12 3008 448
12 3040 448
12 3072 448
12 3104 448
12 3136 448
12 3168 448
12 3200 448
12 3712 448
12 3744 448
12 3776 448
12 3808 448
