10 50 410
10 82 410
10 114 410
10 146 410
10 178 410
10 210 410
10 242 410
10 274 410
10 306 410
10 338 410
10 370 410
10 402 410
10 434 410
10 466 410
10 498 410
10 530 410
10 562 410
10 594 410
10 626 410
10 658 410
10 690 410
10 690 378
10 690 346
10 690 314
10 722 410
10 722 378
10 722 346
10 722 314
10 754 410
10 754 378
10 754 346
10 754 314
10 786 410
10 818 410
10 850 410
10 882 410
10 914 410
10 946 410
10 978 410
10 1010 410
10 1042 410
10 1074 410
10 1170 410
10 1202 410
10 1234 410
10 1266 410
10 1298 410
10 1330 410
10 1362 410
10 1394 410
10 1426 410
10 1458 410
10 1490 410
10 1522 378
10 1554 346
10 1586 314
10 1618 282
10 1650 250
10 1682 218
10 1714 186
10 1746 154
10 1778 122
11 1781 11