12 0 0
12 32 0
12 0 32
12 32 32
12 0 64
12 32 64
12 0 96
12 32 96
12 0 128
12 32 128
12 0 160
12 32 160
12 0 192
12 32 192
10 2496 192
10 2528 192
12 0 224
12 32 224
10 640 224
12 672 224
12 704 224
10 736 224
12 2496 224
12 2528 224
12 0 256
12 32 256
10 608 256
12 640 256
12 672 256
12 704 256
12 736 256
10 896 256
12 928 256
12 960 256
12 992 256
10 1024 256
10 1056 256
10 1088 256
10 1216 256
12 1248 256
10 1280 256
12 1312 256
10 1344 256
10 1376 256
10 1408 256
12 1440 256
10 1472 256
10 1600 256
10 1632 256
12 1664 256
12 1696 256
12 1728 256
10 1760 256
10 1792 256
10 1824 256
10 1856 256
10 2016 256
12 2048 256
10 2080 256
10 2112 256
12 2144 256
12 2496 256
12 2528 256
12 0 288
12 32 288
12 576 288
12 608 288
12 640 288
12 672 288
12 704 288
12 896 288
12 928 288
12 960 288
12 992 288
12 1024 288
12 1056 288
12 1088 288
12 1216 288
12 1248 288
12 1280 288
12 1312 288
12 1344 288
12 1376 288
12 1408 288
12 1440 288
12 1472 288
12 1600 288
12 1632 288
12 1664 288
12 1696 288
12 1728 288
12 1760 288
12 1792 288
12 1824 288
12 1856 288
12 2016 288
12 2048 288
12 2080 288
12 2112 288
12 2144 288
10 2176 288
12 2496 288
12 2528 288
12 0 320
12 32 320
10 544 320
12 576 320
12 608 320
12 640 320
12 896 320
12 928 320
12 960 320
12 992 320
12 1024 320
12 1056 320
12 1088 320
12 1216 320
12 1248 320
12 1280 320
12 1312 320
12 1344 320
12 1376 320
12 1408 320
12 1440 320
12 1472 320
12 1600 320
12 1632 320
12 1664 320
12 1696 320
12 1728 320
12 1760 320
12 1792 320
12 1824 320
12 1856 320
12 2016 320
12 2048 320
12 2080 320
12 2112 320
12 2144 320
12 2176 320
12 2208 320
12 2496 320
12 2528 320
12 0 352
12 32 352
10 512 352
12 544 352
12 576 352
12 608 352
12 2016 352
12 2048 352
12 2080 352
12 2112 352
12 2144 352
12 2176 352
12 2208 352
10 2240 352
12 2496 352
12 2528 352
12 0 384
12 32 384
12 2016 384
12 2048 384
12 2080 384
12 2112 384
12 2144 384
12 2176 384
12 2208 384
12 2240 384
10 2272 384
12 2496 384
12 2528 384
12 0 416
12 32 416
12 2016 416
12 2048 416
12 2080 416
12 2112 416
12 2144 416
12 2176 416
12 2208 416
12 2240 416
12 2272 416
12 2304 416
11 2404 337
12 2496 416
12 2528 416
12 0 448
12 32 448
10 64 448
10 96 448
12 128 448
12 160 448
12 192 448
10 224 448
10 256 448
12 288 448
10 320 448
10 352 448
10 384 448
12 416 448
10 448 448
10 480 448
10 512 448
10 544 448
10 576 448
10 608 448
10 640 448
10 672 448
10 704 448
10 736 448
12 768 448
10 800 448
10 832 448
12 864 448
12 896 448
10 928 448
12 960 448
10 992 448
10 1024 448
10 1056 448
12 1088 448
12 1120 448
12 1152 448
10 1184 448
10 1216 448
10 1248 448
12 1280 448
12 1312 448
12 1344 448
10 1376 448
10 1408 448
10 1440 448
12 1472 448
12 1504 448
12 1536 448
10 1568 448
10 1600 448
10 1632 448
12 1664 448
12 1696 448
12 1728 448
10 1760 448
10 1792 448
10 1824 448
12 1856 448
10 1888 448
12 1920 448
10 1952 448
12 1984 448
12 2016 448
12 2048 448
12 2080 448
12 2112 448
12 2144 448
12 2176 448
12 2208 448
12 2240 448
12 2272 448
12 2304 448
10 2336 448
10 2368 448
12 2400 448
12 2432 448
10 2464 448
12 2496 448
12 2528 448
